uuid,Acanthamoeba polyphaga mimivirus,Acaryochloris marina,Acetoanaerobium sticklandii,Acetobacter aceti,Acetobacter pasteurianus,Acetobacter persici,Acetobacter pomorum,Acetobacter senegalensis,Acetobacter sp. SLV-7,Acetobacter tropicalis,Acetobacterium woodii,Acetomicrobium mobile,Acholeplasma brassicae,Acholeplasma laidlawii,Acholeplasma oculi,Acholeplasma palmae,Achromobacter denitrificans,Achromobacter insolitus,Achromobacter phage phiAxp-3,Achromobacter sp. AONIH1,Achromobacter spanius,Achromobacter xylosoxidans,Acidaminococcus fermentans,Acidaminococcus intestini,Acidihalobacter prosperus,Acidimicrobium ferrooxidans,Acidiphilium cryptum,Acidiphilium multivorum,Acidipropionibacterium acidipropionici,Acidithiobacillus caldus,Acidithiobacillus ferrivorans,Acidithiobacillus ferrooxidans,Acidobacterium capsulatum,Acidothermus cellulolyticus,Acidovorax avenae,Acidovorax citrulli,Acidovorax ebreus,Acidovorax sp. JS42,Acidovorax sp. KKS102,Acidovorax sp. NA2,Acidovorax sp. NA3,Acidovorax sp. P4,Acidovorax sp. RAC01,Acidovorax sp. T1,Acinetobacter baumannii,Acinetobacter bereziniae,Acinetobacter calcoaceticus,Acinetobacter equi,Acinetobacter haemolyticus
haib17CEM4890_H2NYMCCXY_SL254769,0.0,0.0,0.00017,0.0,0.0,0.0,0.0,0.0,0.0,0.0,0.00014,0.0,0.0,0.0,0.0,0.0,0.0012,0.00029,0.0,0.00036,0.00029,0.00141,0.0,0.0,0.0,0.0,0.0,0.0,0.0,1e-05,0.0,0.0,0.0,0.0,7e-05,2e-05,2e-05,0.0005,1e-05,0.0,0.0,0.0,0.0,1e-05,0.00822,0.00726,0.0017,0.0075,0.00464
haib17CEM4890_H2NYMCCXY_SL254770,0.0,0.0,9e-05,0.0,1e-05,0.0,0.0,0.0,0.0,0.0,4e-05,0.0,7e-05,0.0,0.0,0.0,0.00249,0.00124,0.0,0.00126,0.00274,0.00531,1e-05,0.0,1e-05,0.0,0.0,0.0,0.0,0.0,0.0,0.0,0.0,0.0,1e-05,0.0,3e-05,4e-05,1e-05,0.0,0.0,0.0,1e-05,2e-05,0.00501,0.01153,0.00061,0.00228,0.00159
haib17CEM4890_H2NYMCCXY_SL254771,0.0,0.0,4e-05,0.0,1e-05,0.0,0.0,0.0,0.0,0.0,8e-05,0.0,2e-05,0.0,0.0,0.0,0.00121,0.00053,0.0,0.00066,0.00141,0.00289,0.0,0.0,0.0,0.0,0.0,0.0,0.0,0.0,0.0,0.0,0.0,0.0,1e-05,5e-05,9e-05,1e-05,0.00014,1e-05,1e-05,0.0,1e-05,4e-05,0.00073,8e-05,1e-05,0.00018,0.00019
haib17CEM4890_H2NYMCCXY_SL254772,0.0,0.0,0.00016,0.0,0.0,0.0,0.0,0.0,0.0,0.0,0.00018,0.0,7e-05,0.0,0.0,0.0,4e-05,0.0,0.0,6e-05,6e-05,9e-05,9e-05,0.0,0.0,0.0,0.0,0.0,2e-05,1e-05,1e-05,0.0,0.0,0.0,2e-05,0.0,5e-05,3e-05,2e-05,0.0,0.0,0.0,0.0,0.0,0.00325,0.00058,0.00016,0.00059,0.00104
haib17CEM4890_H2NYMCCXY_SL254773,0.0,0.0,1e-05,2e-05,9e-05,3e-05,0.0,2e-05,0.0,3e-05,0.0,0.0,0.0,0.0,0.0,0.0,0.00022,0.00014,0.0,0.00022,0.00019,0.00084,0.0,5e-05,0.0,2e-05,0.0,4e-05,0.00069,0.0,0.0,0.0,0.0001,6e-05,0.00039,0.00043,0.00019,0.00027,0.00072,8e-05,1e-05,0.0,0.0005,0.00029,0.02291,0.00123,0.00096,0.00114,0.00182
haib17CEM4890_H2NYMCCXY_SL254774,0.0,0.0,3e-05,2e-05,0.0001,2e-05,0.0,0.0,0.0,0.0,0.0,0.0,0.0,0.0,0.0,0.0,0.00051,0.00029,0.0,0.00035,0.00038,0.00142,0.0,0.0,0.0,0.0,0.0,1e-05,0.00053,0.0,0.0,0.0,0.0,2e-05,0.00033,0.0002,0.00017,0.00024,0.00059,5e-05,9e-05,0.0,0.00032,0.00026,0.00354,0.00072,0.00068,0.00011,0.00049
haib17CEM4890_H2NYMCCXY_SL254775,0.0,0.0,3e-05,3e-05,6e-05,1e-05,0.0,4e-05,0.0,0.0,0.0,0.0,0.0,0.0,0.0,0.0,0.00043,0.00024,0.0,0.00022,0.00038,0.00128,0.0,2e-05,0.0,2e-05,0.0,0.0,0.00043,0.0,0.0,0.0,0.0,3e-05,0.0002,0.00025,0.00013,0.00025,0.00068,6e-05,0.0001,0.0,0.00042,0.00024,0.00558,0.00122,0.00117,0.00141,0.00178
haib17CEM4890_H2NYMCCXY_SL254776,0.0,0.0,0.0,2e-05,4e-05,5e-05,0.0,5e-05,0.0,1e-05,0.0,0.0,1e-05,0.0,0.0,0.0,0.00023,0.00025,0.0,0.00012,0.0001,0.00083,2e-05,0.0,0.0,3e-05,3e-05,4e-05,0.00042,5e-05,0.0,2e-05,1e-05,4e-05,0.00021,0.00025,0.00011,0.00025,0.00122,0.00012,0.00012,0.0,0.00076,0.0006,0.01638,0.00052,0.00051,0.00055,0.00424
haib17CEM4890_H2NYMCCXY_SL254777,0.0,0.0,2e-05,2e-05,3e-05,2e-05,0.0,0.0,0.0,0.0,0.0,0.0,1e-05,0.0,0.0,0.0,0.00052,0.00016,0.0,0.0004,0.00027,0.00112,1e-05,0.0,3e-05,1e-05,2e-05,1e-05,0.00039,0.0,0.0,0.0,3e-05,7e-05,0.0001,0.00012,0.0002,0.00019,0.00057,5e-05,4e-05,0.0,0.00042,0.00013,0.00153,0.00035,0.00041,0.00014,0.00057
haib17CEM4890_H2NYMCCXY_SL254778,0.0,0.0,0.0,0.0,0.0,0.0,0.0,0.0,0.0,0.0,0.0,0.0,0.0,0.0,0.0,0.0,8e-05,3e-05,0.0,3e-05,9e-05,0.00019,0.0,0.0,0.0,0.0,0.0,0.0,5e-05,0.0,0.0,0.0,0.0,0.0,3e-05,3e-05,5e-05,7e-05,8e-05,0.0,1e-05,0.0,2e-05,3e-05,0.02805,0.0039,0.00163,0.00539,0.00729
haib17CEM4890_H2NYMCCXY_SL254779,0.0,0.0,1e-05,2e-05,3e-05,0.0,0.0,0.0,0.0,0.0,0.0,0.0,0.0,0.0,0.0,0.0,0.00015,9e-05,0.0,0.00015,5e-05,0.00032,7e-05,0.0,2e-05,0.0,3e-05,2e-05,0.00038,1e-05,0.0,0.0,0.0,0.0,7e-05,0.0001,8e-05,6e-05,0.00024,4e-05,1e-05,0.0,0.00013,0.00014,0.00146,0.00016,5e-05,6e-05,0.00049
haib17CEM4890_H2NYMCCXY_SL254780,0.0,0.0,0.0,0.0,8e-05,0.0,0.0,0.0,0.0,0.0,0.0,0.0,0.0,0.0,0.0,0.0,0.00059,0.00018,0.0,0.0005,0.00021,0.00128,0.0,0.0,0.0,0.0,0.0,0.0,0.00027,0.0,0.0,0.0,0.0,8e-05,0.00232,0.00235,0.00027,0.00038,0.00115,0.00049,0.00019,0.0,0.00116,0.00076,2e-05,2e-05,0.0,0.0,1e-05
haib17CEM4890_H2NYMCCXY_SL254781,0.0,0.0,0.00012,0.0,0.0,0.0,0.0,0.0,0.0,0.0,0.0,0.0,3e-05,0.0,1e-05,0.0,9e-05,4e-05,0.0,5e-05,4e-05,0.00023,0.0,0.0,0.0,0.0,0.0,0.0,3e-05,0.0,0.0,0.0,0.0,0.0,3e-05,8e-05,2e-05,2e-05,4e-05,0.0,0.0,0.0,7e-05,2e-05,1e-05,4e-05,1e-05,0.0,0.0
haib17CEM4890_H2NYMCCXY_SL254782,0.0,0.0,9e-05,0.0,1e-05,0.0,0.0,0.0,0.0,0.0,1e-05,0.0,0.0,0.0,0.0,0.0,2e-05,1e-05,0.0,3e-05,2e-05,6e-05,0.0,0.0,2e-05,0.0,0.0,0.0,0.0,0.0,0.0,0.0,0.0,0.0,1e-05,2e-05,0.0,0.0,3e-05,0.00011,4e-05,0.0,2e-05,0.0,0.00312,0.00078,0.00017,0.00109,0.0009
haib17CEM4890_H2NYMCCXY_SL254783,0.0,0.0,8e-05,0.0,0.0,0.0,0.0,0.0,0.0,0.0,2e-05,0.0,8e-05,0.0,0.0,0.0,0.00124,0.00085,0.0,0.00074,0.00122,0.0027,0.0,0.0,2e-05,0.0,2e-05,0.0,4e-05,0.0,0.0,0.0,0.0,0.0,0.00022,0.0002,0.01661,0.01593,0.00024,2e-05,7e-05,0.0,0.00014,0.00016,0.00378,0.00082,0.00029,0.00111,0.00114
haib17CEM4890_H2NYMCCXY_SL254784,0.0,0.0,0.0002,0.0,0.0,0.0,0.0,0.0,0.0,0.0,0.00016,0.0,0.0001,4e-05,0.0,0.0,6e-05,0.0,0.0,2e-05,8e-05,9e-05,3e-05,0.0,0.0,0.0,0.0,0.0,1e-05,0.0,0.0,0.0,0.0,0.0,2e-05,1e-05,1e-05,2e-05,2e-05,0.0,2e-05,0.0,0.0,0.0,0.00089,0.00014,6e-05,0.00042,0.00027
haib17CEM4890_H2NYMCCXY_SL254785,0.0,0.0,7e-05,2e-05,0.00011,4e-05,0.0,0.0,0.0,0.0,0.0,0.0,0.0,0.0,0.0,0.0,0.0003,0.00015,0.0,0.00033,0.00021,0.00081,0.0,1e-05,8e-05,4e-05,3e-05,2e-05,0.00059,0.0,0.0,0.0,7e-05,7e-05,0.00048,0.00046,0.00013,0.00033,0.00109,0.0002,0.00017,0.0,0.00059,0.00066,0.01082,0.00334,0.00097,0.00415,0.00411
haib17CEM4890_H2NYMCCXY_SL254786,0.0,0.0,1e-05,0.0,3e-05,2e-05,0.0,1e-05,0.0,0.0,0.0,0.0,0.0,0.0,0.0,0.0,0.00018,0.00011,0.0,0.00012,0.00019,0.00049,0.0,0.0,5e-05,4e-05,3e-05,5e-05,0.00049,1e-05,0.0,0.0,0.0,4e-05,0.00011,0.00029,6e-05,0.00012,0.00033,3e-05,5e-05,0.0,0.00029,0.00019,0.00194,0.00037,9e-05,3e-05,0.00024
haib17CEM4890_H2NYMCCXY_SL254787,0.0,0.0,3e-05,3e-05,8e-05,4e-05,0.0,3e-05,0.0,2e-05,0.0,0.0,0.0,0.0,0.0,0.0,0.00032,0.00017,0.0,0.00041,0.00027,0.00109,0.0,3e-05,0.00011,2e-05,1e-05,9e-05,0.00097,0.0,0.0,0.0,5e-05,5e-05,0.0006,0.0004,0.00024,0.00023,0.00065,9e-05,5e-05,0.0,0.00048,0.00042,0.0031,0.00051,0.00015,0.0002,0.0005
haib17CEM4890_H2NYMCCXY_SL254788,0.0,0.0,4e-05,1e-05,5e-05,2e-05,0.0,1e-05,0.0,1e-05,0.0,0.0,1e-05,0.0,1e-05,0.0,0.00034,0.00024,0.0,0.00041,0.0002,0.00119,2e-05,2e-05,5e-05,5e-05,2e-05,4e-05,0.00071,1e-05,1e-05,2e-05,2e-05,7e-05,0.00028,0.00026,0.00013,0.00018,0.00087,0.00011,0.0001,0.0,0.00054,0.00028,0.00216,0.00046,0.00018,0.00041,0.00091
haib17CEM4890_H2NYMCCXY_SL254789,0.0,0.0,0.0,3e-05,3e-05,0.0,0.0,0.0,0.0,2e-05,0.0,0.0,0.0,0.0,0.0,0.0,0.00015,2e-05,0.0,0.00013,0.00013,0.00046,0.0,0.0,4e-05,1e-05,2e-05,2e-05,0.00025,2e-05,0.0,0.0,3e-05,5e-05,0.00021,0.00017,7e-05,0.00012,0.00055,2e-05,2e-05,0.0,0.00023,0.00016,0.00119,0.00017,0.00014,0.00026,0.00066
haib17CEM4890_H2NYMCCXY_SL254790,0.0,0.0,1e-05,2e-05,2e-05,1e-05,0.0,3e-05,0.0,1e-05,0.0,0.0,0.0,0.0,0.0,0.0,0.00016,3e-05,0.0,0.00011,7e-05,0.00042,0.0,0.0,3e-05,1e-05,1e-05,4e-05,0.00014,1e-05,2e-05,3e-05,1e-05,1e-05,9e-05,0.00019,3e-05,6e-05,0.00032,3e-05,4e-05,0.0,0.00018,0.00017,0.00455,0.00121,0.0005,0.0015,0.00166
haib17CEM4890_H2NYMCCXY_SL254791,0.0,3e-05,2e-05,9e-05,6e-05,4e-05,0.0,4e-05,0.0,8e-05,0.0,0.0,0.0,0.0,0.0,0.0,0.00034,0.00019,0.0,0.00039,0.00027,0.00089,0.0,0.0,4e-05,6e-05,7e-05,9e-05,0.0011,3e-05,1e-05,0.0,5e-05,0.00013,0.00048,0.00033,0.0002,0.00029,0.0011,6e-05,8e-05,0.0,0.00078,0.0005,0.00319,0.00036,0.00011,0.00013,0.00086
haib17CEM4890_H2NYMCCXY_SL254792,0.0,0.0,0.0,0.0,0.0,0.0,0.0,0.0,0.0,0.0,0.0,0.0,0.0,0.0,0.0,0.0,3e-05,2e-05,0.0,0.0,8e-05,0.00013,0.0,0.0,0.0,0.0,0.0,0.0,0.0,0.0,0.0,0.0,0.0,0.0,0.0,0.0,0.0,1e-05,0.0,0.0,0.0,0.0,0.0,1e-05,0.0,0.0,0.0,0.0,2e-05
haib17CEM4890_H2NYMCCXY_SL254793,0.0,0.0,1e-05,0.0,0.0,0.0,0.0,0.0,0.0,0.0,4e-05,0.0,3e-05,0.0,0.0,0.0,0.00054,0.00938,0.0,0.00037,0.00054,0.00147,0.0,0.0,2e-05,0.0,0.0,1e-05,2e-05,0.0,2e-05,0.0,1e-05,1e-05,1e-05,4e-05,0.0,4e-05,2e-05,0.0,1e-05,0.0,1e-05,5e-05,0.00121,0.00069,0.00018,0.00082,0.00075
haib17CEM4890_H2NYMCCXY_SL254794,0.0,0.0,3e-05,0.0,1e-05,0.0,0.0,0.0,0.0,0.0,2e-05,0.0,0.0,0.0,0.0,0.0,0.00045,0.0002,0.0,0.00027,0.0005,0.00091,0.0,0.0,0.0,0.0,0.0,0.0,0.0,2e-05,0.0,0.0,0.0,0.0,0.00051,0.00045,0.07335,0.06565,0.00062,0.00024,0.00023,0.0,0.00055,0.00051,0.00147,0.00067,0.00015,0.00076,0.00062
haib17CEM4890_H2NYMCCXY_SL254795,0.0,0.0,1e-05,0.0,0.0,0.0,0.0,0.0,0.0,0.0,2e-05,0.0,0.0,0.0,0.0,0.0,0.00103,0.00049,0.0,0.00057,0.00095,0.00191,0.0,0.0,0.0,0.0,0.0,0.0,0.0,0.0,0.0,0.0,0.0,0.0,5e-05,4e-05,7e-05,6e-05,1e-05,1e-05,1e-05,0.0,1e-05,0.0,0.0004,8e-05,5e-05,0.0001,0.00018
haib17CEM4890_H2NYMCCXY_SL254796,0.0,0.0,0.00016,0.0,0.0,0.0,0.0,0.0,0.0,0.0,0.00014,0.0,1e-05,0.0,2e-05,0.0,8e-05,4e-05,0.0,6e-05,9e-05,0.00014,0.0,2e-05,0.0,0.0,0.0,0.0,2e-05,0.0,0.0,0.0,0.0,0.0,5e-05,2e-05,3e-05,3e-05,5e-05,1e-05,1e-05,0.0,6e-05,5e-05,0.02838,0.00253,0.00861,0.00039,0.0008
haib17CEM4890_H2NYMCCXY_SL254797,0.0,0.0,2e-05,5e-05,7e-05,2e-05,0.0,2e-05,0.0,3e-05,0.0,0.0,1e-05,0.0,2e-05,0.0,0.00028,0.00013,0.0,0.00024,0.00018,0.00086,0.0,2e-05,8e-05,3e-05,2e-05,5e-05,0.00081,1e-05,0.0,1e-05,0.0,9e-05,0.00046,0.00037,0.00025,0.00024,0.00082,7e-05,0.0001,0.0,0.00048,0.00033,0.00539,0.00214,0.00042,0.00213,0.00195
haib17CEM4890_H2NYMCCXY_SL254798,0.0,0.0,5e-05,4e-05,0.00015,0.00015,0.0,3e-05,0.0,2e-05,2e-05,0.0,0.0,0.0,0.0,0.0,0.00062,0.00024,0.0,0.00035,0.00055,0.00158,0.0,4e-05,5e-05,2e-05,3e-05,4e-05,0.00077,3e-05,5e-05,1e-05,6e-05,6e-05,0.00068,0.00058,0.00016,0.00021,0.00138,0.00053,0.0006,0.0,0.0008,0.00136,0.00501,0.00116,0.00042,0.00103,0.0015
haib17CEM4890_H2NYMCCXY_SL254799,0.0,0.0,2e-05,1e-05,8e-05,4e-05,0.0,0.0,0.0,3e-05,0.0,0.0,2e-05,1e-05,0.0,0.0,0.00047,0.00038,0.0,0.00036,0.00046,0.00125,0.0,5e-05,6e-05,1e-05,2e-05,3e-05,0.00067,3e-05,3e-05,1e-05,3e-05,6e-05,0.00047,0.00041,0.00014,0.00038,0.00077,0.00013,7e-05,0.0,0.00052,0.00031,0.00596,0.00033,0.00012,0.00015,0.00074
haib17CEM4890_H2NYMCCXY_SL254800,0.0,0.0,4e-05,2e-05,3e-05,0.0,0.0,0.0,0.0,0.0,0.0,0.0,1e-05,0.0,0.0,0.0,0.00013,0.0001,0.0,8e-05,0.00011,0.00045,1e-05,3e-05,1e-05,1e-05,1e-05,0.0,0.00024,1e-05,0.0,0.0,2e-05,4e-05,7e-05,7e-05,4e-05,0.00013,0.00021,0.0,3e-05,0.0,0.00012,4e-05,0.00125,0.00014,2e-05,8e-05,0.00083
haib17CEM4890_H2NYMCCXY_SL254801,0.0,0.0,2e-05,1e-05,4e-05,1e-05,0.0,1e-05,0.0,0.0,0.0,0.0,0.0,0.0,0.0,0.0,0.00014,0.00015,0.0,0.00012,0.00011,0.0004,0.0,0.0,0.0,0.0,0.0,0.0,8e-05,0.0,0.0,0.0,0.0,3e-05,5e-05,6e-05,5e-05,4e-05,0.00017,0.0,0.0,0.0,0.00014,0.0001,0.00067,0.00055,7e-05,0.00019,0.00048
haib17CEM4890_H2NYMCCXY_SL254802,0.0,0.0,0.0,0.0,0.0,1e-05,0.0,0.0,0.0,0.0,0.0,0.0,0.0,0.0,0.0,0.0,0.00027,6e-05,0.0,8e-05,0.00011,0.00136,0.0,0.0,4e-05,0.0,0.0,0.0,1e-05,0.0,0.0,0.0,0.0,0.0,3e-05,9e-05,2e-05,0.00012,2e-05,0.0,0.0,0.0,0.0,3e-05,0.00853,0.00012,0.00032,0.0,6e-05
haib17CEM4890_H2NYMCCXY_SL254803,0.0,0.0,0.0,2e-05,5e-05,4e-05,0.0,0.0,0.0,0.0,0.0,0.0,0.0,0.0,0.0,0.0,0.00048,0.00025,0.0,0.00019,0.00042,0.00103,0.0,0.0,0.0,4e-05,5e-05,4e-05,0.0002,2e-05,0.0,0.0,0.0,3e-05,0.00012,0.00018,0.00029,0.00032,0.00035,1e-05,2e-05,0.0,5e-05,0.00012,0.00129,0.00015,5e-05,8e-05,0.00077
haib17CEM4890_H2NYMCCXY_SL254804,0.0,0.0,0.0,0.0,0.0,0.0,0.0,0.0,0.0,0.0,0.0,0.0,0.0,0.0,0.0,0.0,0.0,0.0,0.0,0.0,0.0,3e-05,0.0,0.0,0.0,0.0,0.0,0.0,0.0,0.0,0.0,0.0,0.0,0.0,0.0,0.0,1e-05,1e-05,0.0,0.0,0.0,0.0,0.0,0.0,2e-05,1e-05,0.0,0.0,1e-05
haib17CEM4890_H2NYMCCXY_SL254805,0.0,0.0,5e-05,0.0,0.0,0.0,0.0,0.0,0.0,0.0,1e-05,0.0,0.0,0.0,0.0,0.0,7e-05,8e-05,0.0,3e-05,2e-05,0.00024,0.0,0.0,1e-05,0.0,0.0,0.0,0.0,0.0,0.0,0.0,0.0,0.0,8e-05,4e-05,0.0,1e-05,2e-05,0.0,0.0,0.0,1e-05,0.0,5e-05,2e-05,2e-05,1e-05,1e-05
haib17CEM4890_H2NYMCCXY_SL254806,0.0,0.0,0.00011,0.0,1e-05,0.0,0.0,0.0,0.0,0.0,5e-05,0.0,7e-05,0.0,0.0,0.0,5e-05,3e-05,0.0,4e-05,6e-05,0.0002,0.0,0.0,0.0,0.0,0.0,0.0,2e-05,1e-05,0.0,0.0,0.0,0.0,5e-05,5e-05,0.00065,0.00072,0.0001,2e-05,0.0,0.0,4e-05,3e-05,0.00464,0.00265,0.00081,0.00308,0.00309
haib17CEM4890_H2NYMCCXY_SL254807,0.0,0.0,0.00021,0.0,0.0,0.0,0.0,0.0,0.0,0.0,0.0001,0.0,8e-05,0.0,0.0,0.0,1e-05,1e-05,0.0,3e-05,3e-05,8e-05,0.0,0.0,0.0,0.0,0.00063,0.0,0.0,0.0,0.0,0.0,0.0,0.0,3e-05,1e-05,3e-05,0.00017,1e-05,0.0,0.0,0.0,1e-05,3e-05,0.00186,0.00069,0.00022,0.00065,0.00072
haib17CEM4890_H2NYMCCXY_SL254808,0.0,0.0,0.0,2e-05,1e-05,0.0,0.0,0.0,0.0,0.0,0.0,0.0,0.0,0.0,0.0,0.0,1e-05,4e-05,0.0,2e-05,5e-05,0.00011,0.0,0.0,3e-05,0.0,0.0,0.0,4e-05,0.0,0.0,0.0,0.0,1e-05,4e-05,8e-05,2e-05,1e-05,7e-05,0.0,0.0,0.0,6e-05,1e-05,0.04232,0.00301,0.00134,0.00339,0.00269
haib17CEM4890_H2NYMCCXY_SL254809,0.0,0.0,0.0,1e-05,0.0,1e-05,0.0,1e-05,0.0,0.0,0.0,0.0,0.0,0.0,0.0,0.0,0.0003,0.00016,0.0,0.0002,0.00025,0.00068,2e-05,1e-05,4e-05,2e-05,0.0,0.0,0.0003,0.0,0.0,0.0,1e-05,0.0,0.00012,0.00016,5e-05,9e-05,0.00029,4e-05,4e-05,0.0,0.00028,0.0001,0.00305,0.00025,0.00017,0.00012,0.00069
haib17CEM4890_H2NYMCCXY_SL254810,0.0,0.0,0.0,2e-05,8e-05,0.0,0.0,0.0,0.0,0.0,0.0,0.0,0.0,0.0,0.0,0.0,0.00013,8e-05,0.0,0.00015,9e-05,0.00047,0.0,0.0,3e-05,0.0,1e-05,0.0,0.00019,0.0,0.0,4e-05,1e-05,0.0,0.00013,0.00012,9e-05,0.00011,0.00022,3e-05,3e-05,0.0,0.00018,8e-05,0.01935,0.00434,0.00124,0.00601,0.00505
haib17CEM4890_H2NYMCCXY_SL254811,0.0,0.0,2e-05,5e-05,7e-05,8e-05,0.0,2e-05,0.0,1e-05,0.0,0.0,0.0,0.0,0.0,0.0,0.00031,0.00013,0.0,0.00038,0.00033,0.00106,0.0,0.0,5e-05,7e-05,6e-05,6e-05,0.00126,4e-05,1e-05,4e-05,2e-05,0.00018,0.00099,0.00087,0.00013,0.00046,0.00209,0.00029,0.00033,0.0,0.00149,0.00107,0.00143,0.00042,0.00012,0.00019,0.00045
haib17CEM4890_H2NYMCCXY_SL254812,0.0,1e-05,2e-05,8e-05,4e-05,7e-05,0.0,2e-05,0.0,3e-05,0.0,0.0,0.0,0.0,0.0,0.0,0.00031,0.0003,0.0,0.00025,0.00022,0.00104,2e-05,2e-05,9e-05,0.00012,8e-05,0.00011,0.00118,2e-05,1e-05,1e-05,4e-05,0.00011,0.00033,0.00036,0.00015,0.00022,0.00096,8e-05,6e-05,0.0,0.0006,0.00031,0.00166,0.00041,0.00011,0.00016,0.00124
haib17CEM4890_H2NYMCCXY_SL254813,0.0,1e-05,4e-05,2e-05,2e-05,2e-05,0.0,0.0,0.0,0.0,0.0,0.0,1e-05,0.0,0.0,0.0,0.00039,0.00021,0.0,0.00026,0.00029,0.00082,1e-05,0.0,2e-05,4e-05,5e-05,4e-05,0.00041,2e-05,1e-05,1e-05,0.0,8e-05,0.00019,0.00028,0.0001,0.00013,0.00058,6e-05,6e-05,0.0,0.00038,0.00018,0.00169,0.00035,0.00018,0.00026,0.00086
haib17CEM4890_H2NYMCCXY_SL254814,0.0,0.0,0.0,0.0,0.0,3e-05,0.0,0.0,0.0,0.0,0.0,0.0,0.0,0.0,0.0,0.0,6e-05,1e-05,0.0,1e-05,0.0,4e-05,0.0,0.0,0.0,0.0,0.0,0.0,2e-05,0.0,0.0,0.0,0.0,0.0,2e-05,0.0,5e-05,0.00157,1e-05,0.0,0.0,0.0,0.0,0.0,0.0216,0.0036,0.00125,0.00406,0.0082
haib17CEM4890_H2NYMCCXY_SL254815,0.0,0.0,0.0,0.0,0.0,0.0,0.0,0.0,0.0,0.0,0.0,0.0,0.0,0.0,0.0,0.0,2e-05,0.0,0.0,3e-05,1e-05,9e-05,0.0,0.0,0.0,0.0,0.0,0.0,8e-05,0.0,0.0,0.0,0.0,0.0,1e-05,2e-05,3e-05,5e-05,2e-05,0.0,0.0,0.0,8e-05,3e-05,0.00489,0.00131,0.00101,0.0017,0.00164
haib17CEM4890_H2NYMCCXY_SL254817,0.0,0.0,5e-05,0.0,0.0,0.0,0.0,0.0,0.0,0.0,0.0,0.0,2e-05,0.0,0.0,0.0,9e-05,4e-05,0.0,5e-05,5e-05,0.00027,0.0,0.0,0.0,0.0,0.0,0.0,0.0,0.0,0.0,0.0,0.0,0.0,3e-05,2e-05,0.0,0.00052,0.0,0.0,0.0,0.0,1e-05,0.0,0.00012,3e-05,0.0,3e-05,5e-05
haib17CEM4890_H2NYMCCXY_SL254818,0.0,0.0,0.00015,1e-05,4e-05,1e-05,0.0,0.0,0.0,0.0,9e-05,0.0,6e-05,1e-05,3e-05,0.0,0.0009,0.0101,0.0,0.00057,0.0009,0.00336,3e-05,0.0,1e-05,0.0,0.0,0.0,1e-05,0.0,0.0,1e-05,2e-05,0.0,0.00034,0.00037,0.00117,0.00123,0.0009,0.00037,0.00025,0.0,0.00079,0.00068,0.00089,0.00034,8e-05,0.00042,0.00023
haib17CEM4890_H2NYMCCXY_SL254819,0.0,0.0,2e-05,0.0,0.0,0.0,0.0,0.0,0.0,0.0,0.0,0.0,2e-05,0.0,0.0,0.0,0.00016,0.0,0.0,0.00012,2e-05,0.00063,0.0,0.0,2e-05,0.0,0.00039,0.0,0.0,0.0,0.0,0.0,0.0,0.0,3e-05,0.0,0.0,0.00202,3e-05,0.0,0.0,0.0,0.0,0.00123,1e-05,0.0,1e-05,0.0,0.0
haib17CEM4890_H2NYMCCXY_SL254820,0.0,0.0,0.0,0.0,3e-05,0.0,0.0,0.0,0.0,0.0,0.0,0.0,0.0,0.0,0.0,0.0,5e-05,2e-05,0.0,3e-05,3e-05,0.0001,0.0,0.0,0.0,0.0,0.0,0.0,2e-05,0.0,0.0,0.0,0.0,0.0,4e-05,2e-05,2e-05,0.0,7e-05,0.0,0.0,0.0,7e-05,3e-05,0.1446,0.00231,0.00384,0.00323,0.00405
haib17CEM4890_H2NYMCCXY_SL254821,0.0,0.0,0.00011,6e-05,0.00017,7e-05,0.0,2e-05,0.0,2e-05,3e-05,0.0,1e-05,0.0,1e-05,0.0,0.00033,0.0002,0.0,0.00037,0.00026,0.00156,0.0,3e-05,0.0001,3e-05,5e-05,3e-05,0.00113,2e-05,2e-05,1e-05,3e-05,8e-05,0.00052,0.00041,0.00015,0.0003,0.00083,0.00011,0.00015,0.0,0.0005,0.00041,0.00417,0.00081,0.00028,0.00052,0.00109
haib17CEM4890_H2NYMCCXY_SL254822,0.0,0.0,2e-05,4e-05,9e-05,5e-05,0.0,1e-05,0.0,2e-05,0.0,0.0,4e-05,0.0,0.0,0.0,0.00037,0.00029,0.0,0.00028,0.00038,0.0011,0.0,2e-05,5e-05,5e-05,6e-05,5e-05,0.00066,1e-05,0.0,2e-05,2e-05,9e-05,0.00052,0.00054,0.00017,0.00023,0.00086,0.00026,7e-05,0.0,0.00076,0.00039,0.00443,0.00044,0.00019,0.00021,0.00077
haib17CEM4890_H2NYMCCXY_SL254823,0.0,0.0,3e-05,1e-05,1e-05,0.0,0.0,0.0,0.0,0.0,0.0,0.0,4e-05,0.0,0.0,0.0,0.00013,6e-05,0.0,7e-05,5e-05,0.00047,1e-05,0.0,3e-05,4e-05,3e-05,3e-05,0.00044,2e-05,0.0,0.0,3e-05,3e-05,0.0001,0.00013,0.0001,0.0001,0.0004,4e-05,7e-05,0.0,0.00025,0.00017,0.00256,0.00035,0.00014,0.00033,0.00094
haib17CEM4890_H2NYMCCXY_SL254824,0.0,0.0,2e-05,5e-05,5e-05,6e-05,0.0,1e-05,0.0,1e-05,0.0,0.0,0.0,0.0,0.0,0.0,0.00028,0.00014,0.0,0.00018,9e-05,0.00096,1e-05,0.0,4e-05,9e-05,6e-05,4e-05,0.00082,0.0,2e-05,0.0,4e-05,0.00011,0.00023,0.00016,0.00014,0.00017,0.00076,6e-05,7e-05,0.0,0.00024,0.00025,0.00125,0.00037,9e-05,0.00012,0.00121
haib17CEM4890_H2NYMCCXY_SL254825,0.0,2e-05,6e-05,0.0001,5e-05,2e-05,0.0,1e-05,0.0,2e-05,0.0,0.0,0.0,0.0,0.0,0.0,0.00041,0.00021,0.0,0.00096,0.00019,0.00108,0.0,1e-05,4e-05,4e-05,6e-05,6e-05,0.00066,2e-05,1e-05,4e-05,5e-05,3e-05,0.0005,0.00045,0.00018,0.00042,0.00148,0.00012,0.00014,0.0,0.00114,0.00057,0.00958,0.00152,0.00027,0.00051,0.00295
haib17CEM4890_H2NYMCCXY_SL254826,0.0,0.0,0.0,0.0,0.0,0.0,0.0,0.0,0.0,0.0,0.0,0.0,0.0,0.0,0.0,0.0,2e-05,2e-05,0.0,1e-05,5e-05,8e-05,0.0,0.0,0.0,0.0,0.0,0.0,0.0,0.0,0.0,0.0,0.0,0.0,1e-05,1e-05,2e-05,0.0,1e-05,0.0,0.0,0.0,2e-05,2e-05,0.03673,0.00123,0.00137,0.00209,0.00361
haib17CEM4890_H2NYMCCXY_SL254827,0.0,0.0,0.0,2e-05,0.0,0.0,0.0,0.0,0.0,0.0,0.0,0.0,0.0,0.0,0.0,0.0,0.00022,0.00017,0.0,3e-05,0.0001,0.00032,0.0,0.0,0.0,0.0,0.0,0.0,5e-05,1e-05,0.0,0.0,3e-05,0.0,4e-05,0.00015,1e-05,2e-05,8e-05,0.0,0.0,0.0,3e-05,1e-05,0.00221,0.00063,0.00017,0.00091,0.00094
haib17CEM4890_H2NYMCCXY_SL254828,0.0,0.0,0.0,0.0,0.0,0.0,0.0,0.0,0.0,0.0,0.0,0.0,0.0,0.0,0.0,0.0,0.0,1e-05,0.0,0.0,0.0,0.0,0.0,0.0,0.0,0.0,0.0,0.0,9e-05,0.0,0.0,0.0,0.0,0.0,0.0,0.0,0.0,1e-05,0.0,0.0,0.0,0.0,0.0,0.0,7e-05,1e-05,0.0,1e-05,1e-05
haib17CEM4890_H2NYMCCXY_SL254829,0.0,0.0,0.00023,0.0,0.0,0.0,0.0,0.0,0.0,0.0,7e-05,0.0,3e-05,0.0,0.0,0.0,0.0,4e-05,0.0,5e-05,3e-05,7e-05,0.0,0.0,0.0,0.0,0.0,0.0,0.0,0.0,0.0,0.0,0.0,0.0,4e-05,1e-05,2e-05,1e-05,0.0,0.0,1e-05,0.0,1e-05,2e-05,0.00621,0.0923,0.00051,0.00148,0.00286
haib17CEM4890_H2NYMCCXY_SL254830,0.0,0.0,7e-05,1e-05,2e-05,0.0,0.0,0.0,0.0,0.0,1e-05,0.0,0.0,0.0,0.0,0.0,0.01148,0.00292,0.0,0.00309,0.00179,0.02887,0.0,0.0,4e-05,0.0,0.0,0.0,1e-05,0.0,1e-05,0.0,0.0,0.0,0.00011,1e-05,0.00225,0.00166,3e-05,0.0,7e-05,0.0,5e-05,2e-05,0.01014,0.00028,0.00019,0.0005,0.00052
haib17CEM4890_H2NYMCCXY_SL254831,0.0,0.0,0.0003,0.0,0.0,0.0,0.0,0.0,0.0,0.0,5e-05,0.0,3e-05,0.0,0.0,0.0,3e-05,2e-05,0.0,3e-05,2e-05,8e-05,0.0,0.0,0.0,0.0,0.0,0.0,0.0,0.0,0.0,0.0,0.0,0.0,0.0,2e-05,3e-05,0.00011,1e-05,0.0,0.0,0.0,0.0,4e-05,5e-05,1e-05,0.0,0.0,2e-05
haib17CEM4890_H2NYMCCXY_SL254832,1e-05,0.0,0.0,2e-05,0.0001,3e-05,0.0,0.0,0.0,1e-05,0.0,0.0,0.0,0.0,0.0,0.0,9e-05,7e-05,0.0,0.00011,9e-05,0.00032,0.0,0.0,2e-05,0.0,0.0,2e-05,0.00016,0.0,0.0,0.0,0.0,0.0,0.00012,0.00015,3e-05,6e-05,0.00016,2e-05,3e-05,0.0,0.00018,8e-05,0.04604,0.01465,0.00363,0.01236,0.01002
haib17CEM4890_H2NYMCCXY_SL254833,0.0,0.0,2e-05,6e-05,0.00024,0.00021,2e-05,0.00035,0.0,0.00035,0.0,0.0,0.0,0.0,0.0,0.0,0.0004,0.00023,0.0,0.00024,0.00018,0.00107,0.0,5e-05,3e-05,2e-05,5e-05,0.0,0.00079,0.0,3e-05,2e-05,1e-05,9e-05,0.0004,0.00038,0.00017,0.00035,0.00079,0.00011,7e-05,0.0,0.00039,0.00033,0.00244,0.00037,0.00018,0.00016,0.00044
haib17CEM4890_H2NYMCCXY_SL254834,0.0,0.0,0.0,2e-05,0.00012,7e-05,0.0,5e-05,0.0,1e-05,0.0,0.0,8e-05,5e-05,0.0,0.0,0.00011,0.0001,0.0,9e-05,0.00024,0.00046,1e-05,1e-05,6e-05,3e-05,0.0,1e-05,0.00045,0.0,3e-05,4e-05,3e-05,2e-05,0.00024,0.00028,0.0001,0.00011,0.00054,0.00018,5e-05,0.0,0.00044,0.00035,0.02469,0.00816,0.00268,0.00999,0.00785
haib17CEM4890_H2NYMCCXY_SL254835,0.0,0.0,7e-05,3e-05,7e-05,4e-05,0.0,1e-05,0.0,2e-05,0.0,0.0,5e-05,1e-05,0.0,0.0,0.0002,0.00017,0.0,0.00033,0.00014,0.0006,0.0,0.0,4e-05,9e-05,2e-05,3e-05,0.00142,0.0,0.0,2e-05,4e-05,9e-05,0.00034,0.00024,0.00012,0.00021,0.00087,6e-05,6e-05,0.0,0.0005,0.00029,0.00204,0.00055,0.00015,0.00026,0.00247
haib17CEM4890_H2NYMCCXY_SL254836,0.0,0.0,1e-05,1e-05,1e-05,2e-05,0.0,2e-05,0.0,0.0,0.0,0.0,1e-05,0.0,0.0,0.0,0.00031,0.00023,0.0,0.00024,0.00028,0.0007,0.0,2e-05,5e-05,2e-05,0.0,2e-05,0.00031,1e-05,0.0,0.0,2e-05,3e-05,0.00013,7e-05,0.00015,0.00011,0.00043,4e-05,7e-05,0.0,0.00026,0.00019,0.00199,0.00025,9e-05,0.00014,0.0011
haib17CEM4890_H2NYMCCXY_SL254837,0.0,0.0,0.0,0.0,0.0,0.0,0.0,0.0,0.0,0.0,0.0,0.0,0.0,0.0,0.0,0.0,0.0,4e-05,0.0,1e-05,2e-05,9e-05,0.0,0.0,0.0,0.0,0.0,0.0,1e-05,0.0,1e-05,0.0,0.0,0.0,1e-05,1e-05,0.0,3e-05,7e-05,0.0,0.0,0.0,8e-05,3e-05,0.03269,0.00798,0.00315,0.01219,0.02454
haib17CEM4890_H2NYMCCXY_SL254838,0.0,0.0,1e-05,0.0,2e-05,1e-05,0.0,0.0,0.0,0.0,0.0,0.0,0.0,0.0,0.0,0.0,0.0002,9e-05,0.0,0.00012,0.00015,0.00055,0.0,0.0,1e-05,0.0,0.0,1e-05,0.00013,2e-05,2e-05,0.0,0.0,2e-05,8e-05,0.0,6e-05,3e-05,8e-05,0.0,1e-05,0.0,6e-05,1e-05,0.02207,0.00089,0.00079,0.00104,0.00239
haib17CEM4890_H2NYMCCXY_SL254839,0.0,0.0,0.0,0.0,0.0,0.0,0.0,0.0,0.0,0.0,0.0,0.0,0.0,0.0,0.0,0.0,5e-05,0.00017,0.0,6e-05,3e-05,0.0001,0.0,0.0,0.0,0.0,0.0,0.0,9e-05,0.0,0.0,0.0,0.0,2e-05,5e-05,5e-05,1e-05,7e-05,9e-05,0.0,0.0,0.0,2e-05,0.00012,0.0032,0.0004,0.00014,0.00086,0.0008
haib17CEM4890_H2NYMCCXY_SL254840,0.0,0.0,0.0,0.0,0.0,0.0,0.0,0.0,0.0,0.0,0.0,0.0,0.0,0.0,0.0,0.0,2e-05,0.0,0.0,1e-05,0.0,3e-05,0.0,0.0,0.0,0.0,0.0,0.0,0.0,0.0,0.0,0.0,0.0,0.0,0.0,0.0,2e-05,0.0,0.0,0.0,0.0,0.0,0.0,0.0,1e-05,1e-05,0.0,0.0,0.0
haib17CEM4890_H2NYMCCXY_SL254841,0.0,0.0,1e-05,0.0,0.0,0.0,0.0,0.0,0.0,0.0,0.0,0.0,0.0,0.0,0.0,0.0,0.0,2e-05,0.0,5e-05,0.0,0.00014,0.0,0.0,0.0,0.0,0.0,0.0,0.0,0.0,0.0,0.0,0.0,0.0,4e-05,2e-05,1e-05,1e-05,3e-05,5e-05,0.0,0.0,3e-05,3e-05,0.00023,3e-05,1e-05,5e-05,0.00018
haib17CEM4890_H2NYMCCXY_SL254842,0.0,0.0,5e-05,0.0,0.0,0.0,0.0,0.0,0.0,0.0,0.0,0.0,0.0,0.0,0.0,0.0,0.0002,0.00012,0.0,0.00011,3e-05,0.00032,0.0,0.0,0.0,0.0,0.0,0.0,0.0,1e-05,0.0,0.0,0.0,0.0,4e-05,0.00011,3e-05,3e-05,5e-05,0.0,4e-05,0.0,3e-05,0.0,0.00014,0.0,1e-05,1e-05,3e-05
haib17CEM4890_H2NYMCCXY_SL254843,0.0,0.0,0.00016,2e-05,1e-05,0.0,0.0,0.0,0.0,0.0,0.00013,0.0,1e-05,0.0,0.0,0.0,9e-05,2e-05,0.0,4e-05,8e-05,0.0002,0.0,0.0,0.0,0.0,0.0,0.0,0.0,0.0,0.0,0.0,0.0,0.0,0.00025,0.00025,8e-05,8e-05,0.00022,7e-05,4e-05,0.0,0.00023,0.00029,0.00128,0.00015,0.00011,0.00066,0.00049
haib17CEM4890_H2NYMCCXY_SL254844,0.0,0.0,1e-05,1e-05,5e-05,1e-05,0.0,0.0,0.0,3e-05,0.0,0.0,0.0,0.0,0.0,2e-05,7e-05,3e-05,0.0,4e-05,0.0001,0.00022,0.0,0.0,0.0,0.0,1e-05,1e-05,0.00014,2e-05,0.0,0.0,2e-05,1e-05,0.0001,0.00019,7e-05,8e-05,0.00013,5e-05,1e-05,0.0,0.00012,0.0001,0.04956,0.01045,0.00387,0.01506,0.01633
haib17CEM4890_H2NYMCCXY_SL254845,0.0,0.0,7e-05,6e-05,0.00012,6e-05,0.0,7e-05,0.0,4e-05,0.0,0.0,0.0,0.0,1e-05,0.0,0.0003,0.00014,0.0,0.00037,0.00032,0.00107,0.0,0.0,3e-05,4e-05,4e-05,8e-05,0.00083,0.0,2e-05,2e-05,6e-05,0.00013,0.00044,0.00037,0.00014,0.00019,0.00074,8e-05,0.00012,0.0,0.00048,0.00043,0.00288,0.00083,0.00013,0.00016,0.00074
haib17CEM4890_H2NYMCCXY_SL254846,0.0,0.0,1e-05,0.0,6e-05,0.0,0.0,1e-05,0.0,0.0,0.0,0.0,0.0,0.0,0.0,0.0,7e-05,4e-05,0.0,3e-05,0.0001,0.00018,0.0,0.0,1e-05,1e-05,0.0,1e-05,0.00013,1e-05,0.0,2e-05,0.0,1e-05,0.00014,0.00014,1e-05,4e-05,0.00019,3e-05,3e-05,0.0,9e-05,0.0001,0.02662,0.00413,0.00159,0.0062,0.00577
haib17CEM4890_H2NYMCCXY_SL254847,0.0,0.0,2e-05,1e-05,6e-05,2e-05,0.0,1e-05,0.0,0.0,0.0,0.0,0.0,0.0,0.0,0.0,0.00036,0.00019,0.0,0.00042,0.00034,0.00105,0.0,1e-05,5e-05,1e-05,3e-05,2e-05,0.0008,2e-05,3e-05,2e-05,4e-05,0.0001,0.0002,0.00024,0.0002,0.00018,0.00061,0.0001,9e-05,0.0,0.0004,0.00024,0.00125,0.00056,0.00014,0.00022,0.00116
haib17CEM4890_H2NYMCCXY_SL254848,0.0,1e-05,2e-05,2e-05,1e-05,3e-05,0.0,0.0,0.0,1e-05,0.0,0.0,0.0,0.0,1e-05,0.0,0.00016,0.00019,0.0,0.00018,4e-05,0.00054,3e-05,0.0,2e-05,5e-05,2e-05,2e-05,0.00029,1e-05,0.0,1e-05,1e-05,2e-05,0.00019,0.00015,6e-05,0.00016,0.00056,0.00011,5e-05,0.0,0.00037,0.00015,0.00888,0.00051,0.00029,0.0006,0.00305
haib17CEM4890_H2NYMCCXY_SL254849,0.0,0.0,0.0,0.0,2e-05,0.0,0.0,0.0,0.0,0.0,0.0,0.0,0.0,0.0,0.0,0.0,5e-05,2e-05,0.0,2e-05,0.0,0.00013,0.0,0.0,0.0,0.0,0.0,0.0,6e-05,0.0,0.0,0.0,0.0,2e-05,7e-05,1e-05,2e-05,2e-05,3e-05,1e-05,0.0,0.0,3e-05,2e-05,0.02219,0.00979,0.00682,0.00566,0.0651
haib17CEM4890_H2NYMCCXY_SL254850,0.0,0.0,5e-05,4e-05,4e-05,0.0,0.0,0.0,0.0,0.0,0.0,0.0,0.0,0.0,0.0,0.0,0.00034,8e-05,0.0,0.00017,0.00013,0.00068,1e-05,0.0,6e-05,2e-05,1e-05,3e-05,0.00022,0.0,1e-05,0.0,2e-05,2e-05,0.00027,0.00022,0.0001,0.00029,0.00057,5e-05,8e-05,0.0,0.00051,0.00035,0.01885,0.00134,0.00067,0.00107,0.00413
haib17CEM4890_H2NYMCCXY_SL254851,0.0,0.0,0.0,0.0,0.0,0.0,0.0,0.0,0.0,0.0,0.0,0.0,0.0,0.0,0.0,0.0,0.0001,0.0,0.0,0.00014,0.0,0.00027,0.0,0.0,0.0,0.0,0.0,0.0,0.0,0.0,0.0,0.0,0.0,0.0,0.0,0.0,0.0,0.0,0.0,0.0,0.0,0.0,0.0,0.0,1e-05,2e-05,0.0,1e-05,0.0
haib17CEM4890_H2NYMCCXY_SL254852,0.0,0.0,0.0,0.0,0.0,0.0,0.0,0.0,0.0,0.0,0.0,0.0,0.0,0.0,0.0,0.0,2e-05,0.0,0.0,0.0,1e-05,1e-05,0.0,0.0,0.0,0.0,0.0,0.0,0.00011,0.0,0.0,0.0,0.0,2e-05,0.0,0.0,1e-05,0.0,1e-05,0.0,0.0,0.0,0.0,0.0,1e-05,1e-05,0.0,0.0,1e-05
haib17CEM4890_H2NYMCCXY_SL254854,0.0,0.0,2e-05,0.0,0.0,0.0,0.0,0.0,0.0,0.0,2e-05,0.0,1e-05,0.0,0.0,0.0,6e-05,3e-05,0.0,5e-05,3e-05,0.00017,0.0,0.0,0.0,0.0,0.0,0.0,0.0,1e-05,0.0,0.0,0.0,0.0,0.0001,0.00014,7e-05,8e-05,0.00037,6e-05,8e-05,0.0,0.0003,0.00024,0.00193,0.00042,0.00017,0.00044,0.00049
haib17CEM4890_H2NYMCCXY_SL254855,0.0,0.0,6e-05,0.0,0.0,0.0,0.0,0.0,0.0,0.0,5e-05,0.0,9e-05,0.0,0.0,0.0,0.01254,0.00018,0.0,0.00027,0.00028,0.0687,0.0,0.0,0.0,0.0,0.0,0.0,6e-05,0.0,0.0,0.0,0.0,0.0,2e-05,2e-05,5e-05,6e-05,9e-05,0.0,0.0,0.0,4e-05,3e-05,0.0009,0.00015,0.0001,0.00016,0.00042
haib17CEM4890_H2NYMCCXY_SL254856,0.0,0.0,0.0,0.0,3e-05,0.0,0.0,0.0,0.0,0.0,0.0,0.0,0.0,0.0,0.0,0.0,7e-05,0.0,0.0,2e-05,1e-05,0.00024,0.0,0.0,3e-05,0.0,0.0,0.0,7e-05,0.0,0.0,0.0,0.0,0.0,6e-05,6e-05,4e-05,3e-05,9e-05,4e-05,3e-05,0.0,8e-05,5e-05,0.03128,0.00774,0.00245,0.01174,0.01194
haib17CEM4890_H2NYMCCXY_SL254857,0.0,0.0,5e-05,1e-05,6e-05,0.0001,0.0,0.0,0.0,1e-05,0.0,0.0,0.0,0.0,0.0,0.0,0.00041,0.0002,0.0,0.00025,0.00027,0.00102,0.0,1e-05,5e-05,3e-05,0.0,5e-05,0.00076,3e-05,0.0,0.0,5e-05,6e-05,0.00048,0.00048,0.00014,0.00028,0.00086,0.00021,0.00019,0.0,0.00057,0.00031,0.00345,0.00042,0.00022,0.00026,0.00065
haib17CEM4890_H2NYMCCXY_SL254858,0.0,0.0,6e-05,7e-05,0.00014,4e-05,3e-05,1e-05,0.0,2e-05,1e-05,0.0,1e-05,1e-05,0.0,0.0,0.00021,0.00016,0.0,0.00016,0.00025,0.00083,0.0,0.0,4e-05,3e-05,3e-05,2e-05,0.00159,2e-05,1e-05,2e-05,3e-05,8e-05,0.00031,0.00029,7e-05,0.0001,0.00075,0.00012,6e-05,0.0,0.00039,0.00023,0.01382,0.00198,0.00089,0.00264,0.00275
haib17CEM4890_H2NYMCCXY_SL254859,0.0,0.0,1e-05,4e-05,6e-05,3e-05,0.0,0.0,0.0,0.0,0.0,0.0,0.0,0.0,0.0,0.0,0.0005,0.00024,0.0,0.00033,0.00032,0.00116,3e-05,0.0,5e-05,5e-05,7e-05,4e-05,0.00099,6e-05,2e-05,0.0,3e-05,0.00011,0.00049,0.00056,0.00016,0.00033,0.0016,6e-05,0.0001,0.0,0.00076,0.00059,0.00427,0.00088,0.00019,0.00063,0.00191
haib17CEM4890_H2NYMCCXY_SL254860,0.0,0.0,7e-05,3e-05,6e-05,7e-05,0.0,0.0,0.0,1e-05,0.0,0.0,0.0,0.0,0.0,0.0,0.00044,0.00015,0.0,0.00028,0.00031,0.00079,1e-05,0.0,4e-05,4e-05,5e-05,0.00013,0.00063,2e-05,0.0,1e-05,6e-05,7e-05,0.00039,0.00039,7e-05,0.00027,0.00089,7e-05,9e-05,0.0,0.00048,0.00024,0.00104,0.00034,0.00011,0.00027,0.00071
haib17CEM4890_H2NYMCCXY_SL254861,0.0,0.0,0.0,4e-05,1e-05,1e-05,0.0,0.0,0.0,0.0,0.0,0.0,0.0,0.0,0.0,0.0,3e-05,3e-05,0.0,5e-05,3e-05,0.00012,0.0,0.0,1e-05,0.0,0.0,0.0,5e-05,0.0,3e-05,0.0,0.0,1e-05,4e-05,1e-05,2e-05,8e-05,9e-05,0.0,2e-05,0.0,0.00011,0.00014,0.01261,0.00121,0.00119,0.00176,0.00295
haib17CEM4890_H2NYMCCXY_SL254862,0.0,0.0,1e-05,1e-05,1e-05,0.0,0.0,0.0,0.0,0.0,0.0,0.0,0.0,0.0,0.0,0.0,0.00011,3e-05,0.0,3e-05,1e-05,0.00018,0.0,0.0,0.0,0.0,1e-05,3e-05,3e-05,0.0,0.0,0.0,0.0,0.0,5e-05,2e-05,3e-05,3e-05,0.00011,0.0,0.0,0.0,2e-05,4e-05,0.00129,0.00025,0.00018,0.0002,0.00066
haib17CEM4890_H2NYMCCXY_SL254863,0.0,0.0,0.0,0.0,0.0,0.0,0.0,0.0,0.0,0.0,0.0,0.0,0.0,0.0,0.0,0.0,1e-05,0.0,0.0,1e-05,0.0,3e-05,0.0,0.0,0.0,0.0,0.0,0.0,0.0,0.0,0.0,0.0,0.0,0.0,0.0,0.0,0.0,0.0,0.0,0.0,0.0,0.0,0.0,0.0,0.0,0.0,0.0,0.0,0.0
haib17CEM4890_H2NYMCCXY_SL254864,0.0,0.0,0.0,0.0,0.0,0.0,0.0,0.0,0.0,0.0,0.0,0.0,0.0,0.0,0.0,0.0,0.0,0.0,0.0,0.0,0.0,2e-05,0.0,0.0,0.0,0.0,0.0,0.0,0.0,0.0,0.0,0.0,0.0,0.0,0.0,0.0,3e-05,5e-05,0.0,0.0,0.0,0.0,0.0,0.0,8e-05,4e-05,0.0,2e-05,3e-05
haib17CEM4890_H3KHWCCXY_SL263276,0.0,0.0,0.00013,9e-05,0.00013,0.0,0.0,7e-05,0.0,0.00012,0.0,0.0,0.0,0.0,0.0,0.0,0.0,0.0,0.0,9e-05,0.0,0.00086,0.0,0.0,0.0,0.0,0.0,0.0,0.00018,0.0,0.0,0.0,0.0,0.0,0.00059,0.00025,0.0,0.00021,0.00106,0.0,0.0,0.0,0.00068,0.0007,0.0005,0.00034,0.0,0.0,0.00032
haib17CEM4890_H3KHWCCXY_SL263277,0.0,0.0,0.0,0.0,0.0,0.0,0.0,0.0,0.0,0.0,0.0,0.0,1e-05,0.0,0.0,0.0,0.0,0.0,0.0,0.0,0.0,4e-05,0.0,0.0,0.0,0.0,0.0,0.0,1e-05,0.0,0.0,0.0,0.0,0.0,0.0,0.0,1e-05,1e-05,7e-05,0.0,0.0,0.0,1e-05,0.0,0.00029,6e-05,6e-05,0.0,9e-05
haib17CEM4890_H3KHWCCXY_SL263278,0.0,0.0,4e-05,0.0,0.0,0.0,0.0,0.0,0.0,0.0,0.0,0.0,7e-05,0.0,0.0,0.0,0.00014,0.0,0.0,0.0,0.00016,0.00066,0.0,5e-05,0.0,0.0,0.0,0.0,0.0,0.0,0.0,0.0,0.0,0.0,0.0,0.0,0.0,0.00017,0.00077,0.0,0.00011,0.0,0.00041,0.00034,0.00145,0.00019,0.0,0.0,0.00049
haib17CEM4890_H3KHWCCXY_SL263279,0.0,0.0,0.0,0.0,0.0,0.0,0.0,0.0,0.0,0.0,0.0,0.0,2e-05,0.0,0.0,0.0,1e-05,0.0,0.0,6e-05,2e-05,0.00015,0.0,2e-05,0.0,0.0,0.0,0.0,9e-05,0.0,0.0,0.0,0.0,0.0,0.0,0.0,3e-05,5e-05,8e-05,0.0,0.0,0.0,3e-05,3e-05,0.00113,0.00015,5e-05,5e-05,0.00045
haib17CEM4890_H3KHWCCXY_SL263280,0.0,0.0,0.0,0.0,0.0,0.0,0.0,0.0,0.0,0.0,0.0,0.0,0.0,0.0,0.0,0.0,0.0,0.0,0.0,0.0,0.0,0.00144,0.0,0.0,0.0,0.0,0.0,0.0,0.0,0.0,0.0,0.0,0.0,0.0,0.0,0.0,0.00035,0.00026,0.0013,0.0,0.0,0.0,0.0,0.0,0.00093,0.00062,0.0,0.0,0.0003
